width
720

height
576

[narrow_stereo]

camera matrix
1989.157439 0.000000 554.615064
0.000000 2068.793807 280.425842
0.000000 0.000000 1.000000

distortion
0.833707 -0.729645 0.015187 0.087932 0.000000

rectification
1.000000 0.000000 0.000000
0.000000 1.000000 0.000000
0.000000 0.000000 1.000000

projection
2012.771851 0.000000 562.057473 0.000000
0.000000 2135.075195 281.959062 0.000000
0.000000 0.000000 1.000000 0.000000



mono pinhole calibration...
*** Added sample 139, p_x = 0.589, p_y = 0.766, p_size = 0.154, skew = 0.013
D = [0.8337068337092105, -0.7296451172680306, 0.015187197230019187, 0.08793175446175946, 0.0]
K = [1989.1574391172464, 0.0, 554.6150636910545, 0.0, 2068.7938072844036, 280.42584157479126, 0.0, 0.0, 1.0]
R = [1.0, 0.0, 0.0, 0.0, 1.0, 0.0, 0.0, 0.0, 1.0]
P = [2012.7718505859375, 0.0, 562.0574733415124, 0.0, 0.0, 2135.0751953125, 281.9590617435897, 0.0, 0.0, 0.0, 1.0, 0.0]

